10,202
10,177
10,128
10,244
10,260
10,17
8,17
8,10
8,6
8,15
8,12
8,2
8,3
127,4
127,3
127,1
116,3
116,1
97,9
97,8
97,7
97,6
97,1
20,3
20,2
20,1
19,3
19,2
19,1
14,7
14,6
12,3
12,2
12,1
11,30
11,29
11,28
11,27
11,26
11,25
11,24
11,23
11,22
11,21
11,20
11,19
11,18
11,16
11,15
11,14
11,13
11,10
11,9
11,8
11,7
11,5
11,4
11,3
11,2
11,1
10,314
10,313
10,312
10,311
10,310
10,309
10,308
10,307
10,306
10,305
10,304
10,303
10,302
10,301
10,300
10,299
10,298
10,297
10,296
10,295
10,294
10,293
10,292
10,291
10,290
10,289
10,288
10,287
18,1
10,286
18,3
10,285
10,284
10,283
10,282
10,281
10,280
14,1
14,4
10,279
10,278
14,3
10,277
10,276
13,1
10,275
13,3
10,274
10,273
10,272
10,271
10,270
10,269
10,268
10,267
10,266
10,265
10,227
10,133
10,125
